1 0.49309963729439404 0.48897536614747267 0.014469831931441988 0.02099930257624237
1 0.4563344520808321 0.4246650020077304 0.012402713084093193 0.02992400617114548
1 0.4420122714956293 0.4679760635712303 0.010926199621701186 0.02204926770505452
1 0.4222269910995759 0.4703384851110576 0.012107410391614764 0.022574250269460593
1 0.45234786573237357 0.5404236574592666 0.012107410391614693 0.020999302576242513
1 0.4657841382401412 0.5761224718388787 0.011221502314179545 0.02414919796267867
1 0.4789251080554304 0.4459267958661758 0.012698015776571552 0.026249128220302963
1 0.5865629394638104 0.43647710970686676 0.014174529238963557 0.020999302576242444
1 0.6032475415888405 0.4073405773823304 0.011516805006657976 0.026774110784708968
1 0.5153949905765138 0.5328114102753787 0.012993318469050052 0.02257425026946052
1 0.5599856971407536 0.5845221928693757 0.01299331846904991 0.02729909334911518
1 0.3884148328107981 0.5194243548830242 0.011221502314179616 0.025199163091490888
1 0.3962403541614759 0.579009875943112 0.012107410391614764 0.021524285140648445
1 0.3960927028152368 0.5548606779804333 0.014765134623920418 0.023624215398272596
1 0.41440146974889813 0.5354363230974091 0.014765134623920418 0.018374389754212076
1 0.4347773555299083 0.5341238666863939 0.012402713084093193 0.023099232833866595
1 0.4477706739989582 0.5640478728575393 0.007677870004438603 0.02519916309149096
1 0.43802568514717083 0.5545981866982302 0.011812107699136263 0.018899372318618147
1 0.41661623994248614 0.5585355559312757 0.010335594236744327 0.02362421539827288
1 0.4268041828329912 0.569560189783803 0.008268475389395392 0.024674180527084814
1 0.485864721328673 0.5916094574888575 0.014765134623920418 0.019424354883024294
1 0.5252876307745405 0.578222402096503 0.012107410391614835 0.02099930257624237
1 0.5345896655876103 0.6078839169854453 0.011221502314179404 0.02362421539827288
1 0.38575710857849244 0.4110154553331728 0.00885908077435225 0.024674180527084814
1 0.4527908197710912 0.3921160830145547 0.010630896929222615 0.02047432001183644
1 0.49989159922139736 0.2469584039562791 0.012107410391614835 0.025199163091490923
1 0.5034352315311383 0.2968317475748548 0.00856377808187375 0.03464884925079996
1 0.4789251080554303 0.3133686983536457 0.010335594236744327 0.027824075913521186
1 0.4395021986095628 0.29814420398586994 0.012402713084093122 0.029924006171145445
1 0.4278377422566656 0.3178310501510972 0.012107410391614764 0.022049267705054484
1 0.4282806962953833 0.3440801783714002 0.015946345393834063 0.02414919796267867
1 0.4067235997444594 0.30470648604094575 0.010040291544265898 0.02099930257624237
1 0.46799890843372927 0.23488380497493974 0.013879226546485199 0.026249128220303036
1 0.48911305094593543 0.3385678614451366 0.008859080774352322 0.023624215398272738
1 0.5153949905765138 0.2595579855020246 0.010040291544265898 0.028349058477927257
1 0.582724004461591 0.324655823488376 0.0141745292389637 0.028349058477927222
1 0.5622004673343417 0.27793237525623665 0.012698015776571623 0.02309923283386663
1 0.5623481186805809 0.2574580552444003 0.012402713084093265 0.02204926770505452
1 0.5679588698376706 0.24380850856984274 0.012402713084093265 0.02309923283386663
1 0.47464321901449336 0.34381768708919713 0.012402713084093265 0.022574250269460663
1 0.3599181229866316 0.5157494769321818 0.010926199621701186 0.023099232833866595
1 0.3461865477863856 0.5049873343618575 0.011221502314179475 0.024674180527084814
1 0.3791127979977281 0.5805848236363302 0.012698015776571552 0.02362421539827281
1 0.37556916568798726 0.5976467569795272 0.009154383466830751 0.02414919796267867
1 0.39786451897010705 0.614183707758318 0.010040291544265827 0.022574250269460593
1 0.3336361833560532 0.6081464082676483 0.014469831931442058 0.02204926770505466
1 0.2961327414112953 0.6262583067396573 0.012107410391614693 0.023624215398272738
1 0.3073542437254748 0.5745475241456606 0.010335594236744327 0.019949337447430368
1 0.4400928039945196 0.6212709723777999 0.011812107699136334 0.022049267705054446
1 0.45279081977109115 0.6275707631506725 0.015946345393834063 0.023099232833866595
1 0.4110054887853963 0.6585447344506301 0.014469831931442129 0.019949337447430368
1 0.39491149204532305 0.6532949088065694 0.010630896929222757 0.023099232833866664
1 0.3813275681913163 0.6672069467633299 0.012993318469049981 0.021524285140648372
1 0.34471003432399355 0.6569697867574118 0.012402713084093265 0.024149197962678812
1 0.4722807974746661 0.7517291396327056 0.011221502314179545 0.026774110784709107
1 0.47877745670919114 0.6598571908616452 0.012402713084093122 0.018374389754211934
1 0.4279853936029048 0.7966151488894238 0.01358392385400684 0.020999302576242513
1 0.43743507976221396 0.7008058308853177 0.010040291544265898 0.028874041042333404
1 0.4247370639856423 0.7168177990997026 0.011812107699136406 0.02099930257624237
1 0.4092336726305259 0.7475292791174573 0.015651042701355634 0.024674180527084814
0 0.4603210384292906 0.8756250248325358 0.015651042701355707 0.026774110784708968
0 0.542267535592049 0.7540915611725328 0.014765134623920489 0.02414919796267867
1 0.49398554537182915 0.8850747109918449 0.013879226546485199 0.026774110784708968
1 0.5050593963397695 0.8123646258216055 0.010630896929222686 0.02204926770505452
1 0.5087506799957496 0.8346763848088632 0.012698015776571552 0.01627445949658778
1 0.5810998396529599 0.7672161252826843 0.016832253471269355 0.022049267705054377
1 0.578442115420654 0.7186552380751239 0.010335594236744327 0.02992400617114555
1 0.5729790156098035 0.8617129868757751 0.017127556163747712 0.023099232833866522
1 0.5635293294504945 0.885599693556251 0.0141745292389637 0.02572414565589682
1 0.5310460332778695 0.9058115222858842 0.015355740008877277 0.023099232833866806
1 0.5171668067313843 0.8436010884037662 0.01358392385400684 0.02257425026946052
1 0.4175021480199213 0.88638716740286 0.013288621161528411 0.02519916309149096
1 0.5883347556186809 0.9189360863960357 0.00944968615930911 0.02519916309149082
1 0.5844958206164615 0.8388762453241116 0.011221502314179404 0.024674180527084814
1 0.4935425913331116 0.7512041570682996 0.010630896929222757 0.025724145655896962
1 0.5031399288386599 0.7617038083564208 0.014469831931441988 0.020474320011836227
1 0.48305934575012816 0.7057931652471754 0.012698015776571552 0.020999302576242513
1 0.53281784943274 0.8779874463723633 0.011812107699136334 0.019949337447430226
1 0.5419722328995706 0.8677502863664449 0.01358392385400677 0.022574250269460663
1 0.5731266669560428 0.9328022317560243 0.00915438346683061 0.031498953864363556
1 0.630415389296854 0.895528469683194 0.010335594236744398 0.02204926770505466
1 0.6330731135291597 0.7947318173172306 0.01328862116152834 0.023099232833866522
1 0.5997039092790994 0.7936818521884184 0.010335594236744398 0.0314989538643637
1 0.6587644477747813 0.8787290276222001 0.010926199621701044 0.02519916309149082
1 0.6626033827770006 0.9076030686645333 0.009154383466830894 0.03044898873555141
1 0.6336637189141165 0.9278148973941666 0.011516805006657834 0.02257425026946052
1 0.6438516618046216 0.964826168184794 0.011221502314179545 0.02414919796267867
1 0.6755967012460505 0.8929035568611638 0.012698015776571623 0.027299093349115112
1 0.6727913256675058 0.9257149671365422 0.011812107699136477 0.024674180527084814
0 0.622442216599937 0.7067972377792153 0.012107410391614622 0.024674180527084814
0 0.6472476427681232 0.6367120654310064 0.012107410391614764 0.027299093349115112
0 0.5515695704051189 0.6191251495234035 0.015651042701355634 0.022574250269460593
0 0.5394621600135041 0.6645361413445277 0.014469831931441988 0.018899372318618077
1 0.5694353833000626 0.625162449014073 0.01358392385400677 0.019949337447430295
1 0.5871535448487671 0.6230625187564489 0.01358392385400684 0.0209993025762423
1 0.5803615829217637 0.6104629372107034 0.014174529238963557 0.02204926770505466
1 0.6360261404539438 0.7690076716613334 0.010926199621700973 0.02414919796267867
1 0.7224021780038784 0.7598204767842276 0.008859080774352322 0.030973971299957555
1 0.707046437995001 0.5991758120759733 0.012993318469050052 0.02572414565589689
1 0.6324825081442029 0.47160504892530064 0.016241648086312423 0.01942435488302422
0 0.6422274969959904 0.4902419299617158 0.016241648086312496 0.014699511803369703
1 0.720630361849008 0.4561180632753218 0.017127556163747643 0.026249128220303036
1 0.6863752495215126 0.517278532028628 0.017127556163747643 0.024674180527084814
1 0.717824986270463 0.55297734640824 0.010926199621701044 0.023624215398272738
1 0.659945658544695 0.5385403258870732 0.01328862116152834 0.019949337447430153
1 0.6106301089008006 0.47659238328715814 0.010926199621701044 0.028349058477927187
1 0.6060529171673853 0.30859796267721906 0.01299331846904991 0.024149197962678778
1 0.6758920039385289 0.3096479278060311 0.016832253471269213 0.02624912822030293
1 0.7534089607141112 0.3870828560559251 0.015355740008877206 0.026774110784709038
