1 0.3053943532854141 0.3935183011777575 0.03146971039114632 0.012981255536347831
1 0.4050484361907108 0.39646858652692735 0.02727374900566012 0.010621027257011946
1 0.4737573038780469 0.36785081863997876 0.026224758659288624 0.015931540885517848
1 0.5167659080792802 0.31209042554066635 0.030420720044774825 0.015341483815683822
1 0.4569734583361022 0.2796372866997967 0.026224758659288482 0.012981255536347866
1 0.5492846088167981 0.2802273437696307 0.030420720044774682 0.017701712095019816
1 0.3248006746932877 0.41653052690128317 0.02412677796654556 0.012981255536347831
1 0.6730654696886404 0.23744820620666615 0.02412677796654563 0.01829176916485377
1 0.7811114753649093 0.24393883397484012 0.034616681430260886 0.014751426745849904
1 0.7370538808173044 0.23184266404324322 0.02832273935203162 0.012981255536347831
1 0.6882758297110277 0.2138459234133064 0.029371729698403185 0.012391198466513913
1 0.583901290247059 0.24747917639384404 0.02832273935203162 0.013571312606181855
1 0.24665089388860764 0.4988434881431253 0.029371729698403258 0.015931540885517917
1 0.2970024305144417 0.49559817425903835 0.029371729698403258 0.017701712095019816
1 0.30644334363178566 0.32182636719292723 0.029371729698403223 0.01829176916485377
1 0.7669501056888933 0.4159404698314492 0.027273749005660052 0.0200619403743557
1 0.7165985690630593 0.4177106410409512 0.03776365246937559 0.017701712095019816
1 0.6242874185823635 0.429216753902714 0.025175768312916985 0.013571312606181891
1 0.8613592368623324 0.42479132587895907 0.02307778762017392 0.01416136967601588
1 0.887583995521621 0.4351173246010539 0.0251757683129172 0.014751426745849798
1 0.797895320906854 0.3649005332908088 0.02202879727380264 0.01475142674584994
1 0.7711460670743796 0.36254030501147283 0.020979806927430927 0.01475142674584994
0 0.7124026076775732 0.3758165890827377 0.03146971039114618 0.01416136967601581
0 0.7538377263592492 0.45694943618491174 0.026224758659288482 0.013571312606181891
0 0.6195669620236915 0.4492786942770699 0.02832273935203183 0.017111655025185826
0 0.6646735469176679 0.45989972153408176 0.02832273935203162 0.011211084326845864
0 0.49263913011273475 0.3587049340575518 0.01573485519557323 0.014161369676015738
1 0.1936768813968447 0.4124001274124452 0.030420720044774755 0.010621027257011804
1 0.16745212273755605 0.37375138933831864 0.02202879727380246 0.02183211158385767
1 0.17899101654764302 0.28848814274730666 0.03671466212300405 0.02360228279335974
1 0.38669110512920873 0.24718414785892706 0.034616681430260886 0.01888182623468783
1 0.7569846973983638 0.2772770584204607 0.026224758659288767 0.01652159795535184
1 0.8870595003484353 0.5038589732367141 0.024126777966545488 0.018881826234687864
1 0.43861612727460014 0.4153504127616152 0.020979806927430858 0.015341483815683787
1 0.4171118251739835 0.41328521301719623 0.022028797273802497 0.017111655025185826
1 0.5943911937107745 0.29084837102664257 0.028322739352031688 0.015341483815683787
1 0.5304027825821103 0.48291194725760744 0.024126777966545488 0.017111655025185826
1 0.8912554617339213 0.3693259613145637 0.030420720044774897 0.010621027257011804
1 0.7926503691749963 0.4011890430855994 0.030420720044774613 0.009440913117343968
1 0.46689133690126383 0.5572103403370154 0.030716535322451576 0.013822440895103157
1 0.4246561008328929 0.5442518019978562 0.0353240156208193 0.015550246006991059
1 0.38856417182901226 0.5446837532758281 0.027644881790206383 0.01641414856293501
1 0.3440251956114575 0.5706008299541466 0.024573228257961263 0.014686343451047251
1 0.318684053970435 0.5710327812321185 0.026109055024083786 0.012094635783215324
1 0.29795039262778017 0.5598020480048471 0.02764488179020642 0.015550246006991059
1 0.3071653532245156 0.5204944817093975 0.030716535322451614 0.012958538339159276
1 0.539075194909025 0.547707412221632 0.027644881790206455 0.015550246006991059
1 0.5659521633161702 0.5515949737233797 0.019965747959593473 0.01468634345104718
1 0.6220098402796441 0.5598020480048472 0.030716535322451506 0.017278051118879034
1 0.5774708640620895 0.5343169226045007 0.03378818885469684 0.009502928115383327
1 0.7525551154000633 0.528701555990865 0.03685984238694189 0.017278051118879034
1 0.9076736187784438 0.4690922796307324 0.030716535322451364 0.013822440895103228
1 0.9199602329074245 0.40991495454857185 0.04300314945143214 0.01641414856293501
1 0.929943106887221 0.42503324927759095 0.03839566915306449 0.013822440895103299
1 0.8124523592788438 0.4941454537531071 0.02457322825796112 0.01555024600699113
1 0.5145019666510637 0.6379852293177748 0.030716535322451506 0.01986975878671089
1 0.6611734228157699 0.615955714141204 0.029180708556329052 0.013822440895103299
1 0.6120269662998474 0.6004054681342129 0.02918070855632891 0.015550246006991201
1 0.6519584622190345 0.6012693706901568 0.026109055024083786 0.017278051118879034
1 0.6588696826665861 0.6535354753247656 0.027644881790206313 0.016414148562935084
1 0.6488868086867893 0.669949623887701 0.032252362088574175 0.014686343451047038
1 0.40929783317166707 0.6120681526394562 0.026109055024083786 0.018141953674822842
0 0.1482072829308288 0.5161749689296777 0.03532401562081928 0.018141953674822985
0 0.4131374000869735 0.651375718934906 0.024573228257961263 0.01555024600699113
1 0.7955582648514956 0.5701688786761747 0.030716535322451506 0.017278051118879104
