1 0.4240991354700265 0.4643330027455032 0.022210710154714732 0.014105592134546683
1 0.45741520070209857 0.45486210516945036 0.018628337549115626 0.015314642888936305
1 0.5312120763774412 0.44156254687116353 0.02579308276031398 0.013702575216416761
1 0.5759917339474306 0.456675681301035 0.02794250632367344 0.012493524462027068
1 0.611815460003422 0.45183947828347615 0.03367430249263208 0.01652369364332607
1 0.6533709822283723 0.4292705308682015 0.027942506323673514 0.01329955829828684
1 0.6813134885520457 0.4258448870640973 0.030808404408152797 0.01612067672519622
1 0.6992253515800414 0.4383384115261243 0.026509557281433872 0.015314642888936305
1 0.6899111828054836 0.47783406950285495 0.02794250632367337 0.011284473707637304
1 0.5534227865321558 0.4786401033391148 0.024360133718074196 0.013702575216416832
1 0.46672936947665633 0.515516151348001 0.02006128659135534 0.014105592134546683
1 0.5111507897860857 0.4937532377689863 0.03295782797151226 0.01329955829828684
1 0.5211814330817635 0.48528988248825816 0.030091929887032905 0.009269389116987839
1 0.5301373645957613 0.42141170096466835 0.030808404408152582 0.01289654138015699
1 0.48105885989905306 0.3891703475142759 0.028658980844793264 0.013702575216416832
1 0.3825436132450763 0.3978352112540689 0.030808404408152724 0.017329727479585912
1 0.34277927732292574 0.39501409282715955 0.03152487892927255 0.014911625970806596
1 0.33740571841452704 0.410328735716096 0.03224135345039237 0.015717659807066228
1 0.3760953425549978 0.43974897073957897 0.02794250632367344 0.014911625970806454
1 0.36928883460435946 0.4514364613653462 0.03439077701375183 0.012493524462027068
1 0.2482046405351081 0.4709827818946465 0.027226031802553584 0.014508609052676534
1 0.24712992875342837 0.49355172930992125 0.023643659196954447 0.013702575216416761
1 0.23960694628167012 0.5006045253771946 0.027226031802553514 0.010881456789507454
0 0.24533874245062884 0.5417122510264448 0.027226031802553584 0.01249352446202714
0 0.3363310066328472 0.5401001833539252 0.020061286591355268 0.014105592134546612
0 0.3786030033789172 0.5503771147662379 0.021494235633594913 0.016120676725196077
0 0.5913959361515069 0.48367781481573857 0.03152487892927255 0.012493524462027068
1 0.701016537882841 0.5010075422953244 0.03439077701375183 0.01329955829828684
1 0.7558268387485079 0.5008060338362594 0.02794250632367323 0.016120676725196147
1 0.7626333466991463 0.4677586465496073 0.022927184675834412 0.01370257521641669
1 0.5638116670883933 0.5860441120207344 0.02077776111247509 0.01652369364332614
1 0.5853059027219882 0.5858426035616694 0.02507660823919409 0.015314642888936376
1 0.5913959361515069 0.6021647887459305 0.03152487892927255 0.009269389116987768
1 0.6730740315591676 0.58342450205289 0.027226031802553622 0.012896541380156919
1 0.6917023691082832 0.6061949579272295 0.021494235633594913 0.011687490625767225
1 0.4165761529982683 0.5596465038832256 0.028658980844793333 0.011284473707637445
1 0.37466239351275815 0.5701249437546031 0.02794250632367344 0.01289654138015699
1 0.3936489683224337 0.5806033836259806 0.027226031802553622 0.014508609052676534
1 0.37394591899163837 0.5866486373979292 0.02794250632367337 0.010478439871377532
1 0.39293249380131384 0.532845878827587 0.024360133718074196 0.011687490625767225
1 0.3409880910201261 0.47763256104379 0.02077776111247509 0.017329727479585843
1 0.2972831452318164 0.43652483539453973 0.03080840440815269 0.01329955829828691
1 0.28080423124606035 0.5799988582487857 0.036540200577111326 0.010881456789507311
1 0.2335169128521516 0.5808048920850456 0.020777761112475056 0.017329727479585843
1 0.30158199235853544 0.49435776314618096 0.017911863027995734 0.013702575216416832
1 0.2922678235839777 0.48166273022508904 0.022210710154714767 0.012493524462026997
1 0.40762022148427035 0.4848868655701283 0.01934481207023545 0.014105592134546612
1 0.25286172492238707 0.409925718797966 0.020777761112475056 0.01652369364332607
1 0.156191445604123 0.5163221851842609 0.02436013371807425 0.014105592134546683
1 0.18950751083619516 0.5042316776403637 0.026509557281433692 0.012493524462027068
1 0.16478913985756102 0.5080603383625978 0.01862833754911559 0.012896541380156919
1 0.11427768611861294 0.49576832235963564 0.03224135345039237 0.01329955829828691
1 0.09600758583005728 0.5308307942369374 0.022927184675834572 0.01007542295324761
1 0.1250248039354104 0.5334504042047817 0.02650955728143373 0.008060338362598073
1 0.11248649981581338 0.5636766730645246 0.030091929887032888 0.014508609052676534
1 0.13756310805500743 0.5729460621815123 0.017195388506875967 0.01612067672519622
1 0.06913979128806363 0.5725430452633824 0.026509557281433737 0.011284473707637233
1 0.07415511293590243 0.5876561796932539 0.025076608239194043 0.010881456789507525
1 0.20670289934307107 0.6001497041552809 0.03510725153487165 0.010075422953247539
1 0.2045534757797116 0.6338016168191279 0.022210710154714732 0.014508609052676534
1 0.23177950758226515 0.6348091591144527 0.02507660823919405 0.014911625970806454
1 0.10424704282293533 0.6309804983922187 0.027942506323673406 0.012896541380156919
1 0.06949802854862355 0.6336001083600631 0.021494235633594913 0.012493524462027068
1 0.11893477050589184 0.6573781065297274 0.031524878929272526 0.010075422953247539
1 0.09385816226669778 0.6624158180063512 0.02149423563359493 0.011284473707637376
1 0.10926236447077414 0.6753123593865081 0.03367430249263206 0.010478439871377532
1 0.07558806197814212 0.672088224041469 0.02794250632367338 0.01047843987137739
1 0.18628337549115592 0.7019114759830819 0.02292718467583459 0.013702575216416761
1 0.4811126409319661 0.6853877823397557 0.01934481207023545 0.015314642888936589
1 0.5276834848047551 0.6336001083600631 0.022210710154714732 0.014105592134546683
1 0.33208594053904134 0.620905075438971 0.027942506323673334 0.015314642888936376
1 0.44564715213653455 0.5928953996289427 0.022927184675834555 0.012493524462026997
1 0.22354005058938708 0.7551097091762293 0.024360133718074266 0.011284473707637376
1 0.2647373355537773 0.7665956913429315 0.025076608239194123 0.012493524462027068
1 0.32277177176448363 0.7627670306206974 0.022210710154714697 0.012896541380157061
1 0.36002844686271473 0.7657896575066718 0.02077776111247509 0.011687490625767225
1 0.4033751553904645 0.7085612551322253 0.022927184675834482 0.015717659807066298
1 0.5455953478327509 0.7214577965123823 0.025076608239194016 0.0173297274795857
1 0.617242799944734 0.7536991499627745 0.027942506323673514 0.017329727479585985
1 0.6899649638383967 0.6773274439771577 0.022927184675834555 0.016120676725196147
0 0.5065474864317201 0.6414589382635961 0.018628337549115626 0.018538778233975536
0 0.29232160461689083 0.6223156346524258 0.02865898084479319 0.018135761315845683
1 0.8215978442411622 0.7162185765766935 0.02579308276031398 0.018941795152105527
1 0.8044024557342863 0.5888652304476436 0.031524878929272686 0.01329955829828691
1 0.7492339176080595 0.7069491874597057 0.024360133718074196 0.014105592134546612
1 0.716634326897107 0.7077552212959654 0.023643659196954304 0.015717659807066155
1 0.691199481397353 0.7129944412316541 0.030091929887032905 0.014911625970806596
1 0.6310156216232873 0.7121884073953944 0.025793082760313907 0.01329955829828691
1 0.6410462649189648 0.7045310859509262 0.02579308276031398 0.015717659807066298
1 0.6041478270812937 0.6974782898836529 0.017911863027995734 0.012896541380156919
1 0.4809142094486829 0.3589440786545331 0.0279425063236733 0.01692671056145599
1 0.3369028307035969 0.3462490457334411 0.02650955728143373 0.015717659807066228
1 0.34693347399927454 0.3303298774673098 0.023643659196954447 0.009672406035117619
1 0.3594717781188716 0.31199260769239917 0.02722603180255355 0.011687490625767225
1 0.5876689130955376 0.3859462121692367 0.025076608239194158 0.014508609052676534
1 0.3308127972740783 0.38090850069261284 0.02722603180255355 0.015717659807066298
